%YAML:1.0
---
depthShift: -6.4910812363379378e+01
