%YAML:1.0
---
cameraMatrix: !!opencv-matrix
   rows: 3
   cols: 3
   dt: d
   data: [ 1.0840293040441468e+03, 0., 9.5617625736475657e+02, 0.,
       1.0834524650059664e+03, 5.5655570309759923e+02, 0., 0., 1. ]
distortionCoefficients: !!opencv-matrix
   rows: 1
   cols: 5
   dt: d
   data: [ 4.7770126038265782e-02, -3.2249088050350039e-02,
       -9.7812613149002455e-04, -5.1483117099911026e-04,
       -1.7616897258527452e-02 ]
rotation: !!opencv-matrix
   rows: 3
   cols: 3
   dt: d
   data: [ 1., 0., 0., 0., 1., 0., 0., 0., 1. ]
projection: !!opencv-matrix
   rows: 4
   cols: 4
   dt: d
   data: [ 1.0840293040441468e+03, 0., 9.5617625736475657e+02, 0., 0.,
       1.0834524650059664e+03, 5.5655570309759923e+02, 0., 0., 0., 1.,
       0., 0., 0., 0., 1. ]
