%YAML:1.0
---
cameraMatrix: !!opencv-matrix
   rows: 3
   cols: 3
   dt: d
   data: [ 3.4743076138706459e+02, 0., 2.6770312954488304e+02, 0.,
       3.4904947106038401e+02, 2.0126062456424523e+02, 0., 0., 1. ]
distortionCoefficients: !!opencv-matrix
   rows: 1
   cols: 5
   dt: d
   data: [ 6.2361738143734344e-02, -2.5305486166496249e-01,
       -4.4936042563008573e-03, 3.2247710629724128e-03,
       1.2515090666997686e-01 ]
rotation: !!opencv-matrix
   rows: 3
   cols: 3
   dt: d
   data: [ 1., 0., 0., 0., 1., 0., 0., 0., 1. ]
projection: !!opencv-matrix
   rows: 4
   cols: 4
   dt: d
   data: [ 3.4743076138706459e+02, 0., 2.6770312954488304e+02, 0., 0.,
       3.4904947106038401e+02, 2.0126062456424523e+02, 0., 0., 0., 1.,
       0., 0., 0., 0., 1. ]
