%YAML:1.0
---
rotation: !!opencv-matrix
   rows: 3
   cols: 3
   dt: d
   data: [ 9.9952151280584689e-01, -1.5785027250532213e-02,
       2.6600344979175485e-02, 1.6528344970462704e-02,
       9.9947239562377621e-01, -2.7959688814564100e-02,
       -2.6144966070901127e-02, 2.8385970139662937e-02,
       9.9925506125732566e-01 ]
translation: !!opencv-matrix
   rows: 3
   cols: 1
   dt: d
   data: [ -4.5170627613987185e-02, -4.5985689394079082e-03,
       9.9345562751107008e-02 ]
essential: !!opencv-matrix
   rows: 3
   cols: 3
   dt: d
   data: [ -1.5217883035395269e-03, -9.9423682438040326e-02,
       -1.8174722676153822e-03, 9.8117042645165672e-02,
       -2.8596032860520775e-04, 4.7779604504776384e-02,
       3.8497728673226820e-03, -4.5219383929203272e-02,
       1.3852802118444094e-03 ]
fundamental: !!opencv-matrix
   rows: 3
   cols: 3
   dt: d
   data: [ 3.5764078685506839e-07, 2.3257548120946327e-05,
       -4.6281719407786507e-03, -2.3071105756968195e-05,
       6.6928490746447884e-08, 2.2594115516396916e-03,
       1.1517613889797487e-02, -1.0808830504030415e-02, 1. ]
